00000000000000000000000000000000111111111111111111111111111100000000000000000000000000000000000000000000000000000000000000000000000000000001111111111111111111111111111000000000000000000000000000000000
00000000000000000000000000000000100000000000000000000000000100000000000000000000000000111111111111111111111111111000000000000000000000000001000000000000000000000000001000000000000000000000000000000000
00000000000000000000000000000000100000000000000000000000000100000000000000000000000000100000000000000000000000000000000000000000000000000001000000000000000000000000001000000000000000000000000000000000
00000000000000000000000000000000101111111111111111111111110100000000000000000000000000111111111111111111111111100000000000000000000000000001011111111111111111111111101000000000000001111111111111111111
00000000000000000000000000000000101000000000000000000000010100000000000000000000000000110000000000000000000000100000000000000000000000000001010000000000000000000011111111111110000000000000000000000000
11111111111111111111111111111111111110000000000000000000111111111111111111111111111111111000000000000000000000111111111111111111111111111111111100000000000000000010101000000000000000000000000000000000
10000000000000000000000000000000101010000000000000000000110100000000000000000000000000111000000000000000000000110000000000000000000000000001010100000000000000000010111111111111111111111111111111111110
10111111111111111111111111111111111010000000000000000000110111111111111111111111111111111000000000000000000000110000000000000000000000000001010100000000000000000010111000000000000000000000000000000010
10100000000000000000000000000000111010000000000000000000110100000000000000000000000000111000000000000000000000110111111111111111111111111111010100000000000000000010111000000000000000000000000000000010
10100000000000000000000000000000111010000000000000000000110100000000000000000000000000111000000000000000000000110100000000000000000000000001010100000000000000000010111000000000000000000000000000000010
10100000000000000000000000000000111010000000000000000000110100000000000000000000000000111000000000000000000000110100000000000000000000000001010100000000000000000010111000000000000000000000000000000010
10100000000000000000000000000000111010000000000000000000110100000000000000000000000000111000000000000000000000110100000000000000000000000001010100000000000000000010111000000000000000000000000000000010
10100000000000000000000000000000111010000000000000000000110100000000000000000000000000111000000000000000000000110100000000000000000000000001010100000000000000000010111000000000000000000000000000000010
10100000000000000000000000000000111010000000000000000000110100000000000000000000000000111000000000000000000000110100000000000000000000000001010100000000000000000010111000000000000000000000000000000010
10100000000000000000000000000000111010000000000000000000110100000000000000000000000000111000000000000000000000110100000000000000000000000001010100000000000000000010111000000000000000000000000000000010
10100000000000000000000000000000111010000000000000000000110100000000000000000000000000111000000000000000000000110100000000000000000000000001010100000000000000000010111000000000000000000000000000000010
10100000000000000000000000000000111010000000000000000000110100000000000000000000000000111000000000000000000000110100000000000000000000000001010100000000000000000010111000000000000000000000000000000010
10100000000000000000000000000000111010000000000000000000110100000000000000000000000000111000000000000000000000110100000000000000000000000001010100000000000000000010111000000000000000000000000000000010
10100000000000000000000000000000111010000000000000000000110100000000000000000000000000111000000000000000000000110100000000000000000000000001010100000000000000000010111000000000000000000000000000000010
10100000000000000000000000000000111010000000000000000000110100000000000000000000000000111000000000000000000000110100000000000000000000000001010100000000000000000010111000000000000000000000000000000010
10100000000000000000000000000000111010000000000000000000110100000000000000000000000000111000000000000000000000110100000000000000000000000001010100000000000000000010111000000000000000000000000000000010
10100000000000000000000000000000111010000000000000000000110100000000000000000000000000111000000000000000000000110100000000000000000000000001010100000000000000000010111000000000000000000000000000000010
10100000000000000000000000000000111010000000000000000000110100000000000000000000000000111000000000000000000000110100000000000000000000000001010100000000000000000010111000000000000000000000000000000010
10100000000000000000000000000000111010000000000000000000110100000000000000000000000000111000000000000000000000110100000000000000000000000001010100000000000000000010111000000000000000000000000000000010
10100000000000000000000000000000111010000000000000000000110100000000000000000000000000111000000000000000000000110100000000000000000000000001010100000000000000000000111000000000000000000000000000000010
10100000000000000000000000000000111010000000000000000000110100000000000000000000000000111000000000000000000000110100000000000000000000000001010100000000000000000000111000000000000000000000000000000010
10100000000000000000000000000000111010000000000000000000110100000000000000000000000000111000000000000000000000110100000000000000000000000001010100000000000000000000111000000000000000000000000000000010
10100000000000000000000000000000111010000000000000000000110100000000000000000000000000111000000000000000000000110100000000000000000000000001010100000000000000000000111000000000000000000000000000000010
10100000000000000000000000000000111010000000000000000000110100000000000000000000000000111000000000000000000000110100000000000000000000000001010100000000000000000000111000000000000000000000000000000010
10100000000000000000000000000000111010000000000000000000110100000000000000000000000000111000000000000000000000110100000000000000000000000001010100000000000000000000111000000000000000000000000000000010
10100000000000000000000000000000111010000000000000000000110100000000000000000000000000111000000000000000000000110100000000000000000000000001010100000000000000000000111000000000000000000000000000000010
10100000000000000000000000000000111010000000000000000000110100000000000000000000000000111000000000000000000000110100000000000000000000000001010100000000000000000000111000000000000000000000000000000010
10000000000000000000000000000000111010000000000000000000110100000000000000000000000000111000000000000000000000110100000000000000000000000001010100000000000000000001111000000000000000000000000000000010
10000000000000000000000000000000111010000000000000000000110100000000000000000000000000111000000000000000000000110100000000000000000000000001010100000000000000000001111000000000000000000000000000000010
10000000000000000000000000000000111010000000000000000000110100000000000000000000000000111000000000000000000000110100000000000000000000000001010100000000000000000001111000000000000000000000000000000010
10000000000000000000000000000000111010000000000000000000110100000000000000000000000000111000000000000000000000110100000000000000000000000001010100000000000000000001111000000000000000000000000000000010
10000000000000000000000000000000111010000000000000000000110100000000000000000000000000111000000000000000000000110100000000000000000000000001010100000000000000000001111000000000000000000000000000000010
10000000000000000000000000000000111000000000000000000000110100000000000000000000000000111000000000000000000000110100000000000000000000000001010100000000000000000001111000000000000000000000000000000010
10010000000000000000000000000000111000000000000000000000110100000000000000000000000000111000000000000000000000110100000000000000000000000001010100000000000000000001111000000000000000000000000000000010
10010000000000000000000000000000111001000000000000000000110100000000000000000000000000111000000000000000000000110100000000000000000000000001010100000000000000000001111000000000000000000000000000000010
10010000000000000000000000000000111001000000000000000000110100000000000000000000000000111000000000000000000000110100000000000000000000000001010100000000000000000001111000000000000000000000000000000010
10010000000000000000000000000000111001000000000000000000110100000000000000000000000000111000000000000000000000110100000000000000000000000001010100000000000000000001111000000000000000000000000000000010
10010000000000000000000000000000111001000000000000000000110100000000000000000000000000110000000000000000000000110100000000000000000000000001010100000000000000000001111000000000000000000000000000000010
10010000000000000000000000000000111001000000000000000000110100000000000000000000000000110000000000000000000000110100000000000000000000000001010111111111111111111111111000000000000000000000000000000010
10010000000000000000000000000000111001111111111111111111110100000000000000000000000000110000000000000000000000110100000000000000000000000001010000000000000000000000111000000000000000000000000000000010
10010000000000000000000000000000111000000000000000000000010100000000000000000000000000110111111111111111111111110100000000000000000000000001111111111111111111111111111000000000000000000000000000000010
10010000000000000000000000000000111000000000000000000000010100000000000000000000000000110000000000000000000000100100000000000000000000000001010000000000000000000000101000000000000000000000000000000010
10010000000000000000000000000000111111111111111111111111111100000000000000000000000000111111111111111111111111111100000000000000000000000001010000000000000000000000101000000000000000000000000000000010
10010000000000000000000000000000101000000000000000000000010100000000000000000000000000110000000000000000000000100000000000000000000000000001010000000000000000000000101000000000000000000000000000000010
10010000000000000000000000000000101000000000000000000000010100000000000000000000000000110000000000000000000000100000000000000000000000000001010000000000000000000000101000000000000000000000000000000010
10010000000000000000000000000000101000000000000000000000010100000000000000000000000000110000000000000000000000100000000000000000000000000001010000000000000000000000101000000000000000000000000000000010
10010000000000000000000000000000101000000000000000000000010100000000000000000000000000110000000000000000000000100000000000000000000000000001010000000000000000000000101000000000000000000000000000000010
10010000000000000000000000000000101000000000000000000000010100000000000000000000000000110000000000000000000000100000000000000000000000000001010000000000000000000000101000000000000000000000000000000010
10010000000000000000000000000000101000000000000000000000010100000000000000000000000000110000000000000000000000100000000000000000000000000001010000000000000000000000101000000000000000000000000000000010
10010000000000000000000000000000101000000000000000000000010100000000000000000000000000110000000000000000000000100000000000000000000000000001010000000000000000000000101000000000000000000000000000000010
10010000000000000000000000000000101000000000000000000000010100000000000000000000000000110000000000000000000000100000000000000000000000000001010000000000000000000000101000000000000000000000000000000010
10010000000000000000000000000000101000000000000000000000010100000000000000000000000000110000000000000000000000100000000000000000000000000001010000000000000000000000101000000000000000000000000000000010
10010000000000000000000000000000101000000000000000000000010100000000000000000000000000110000000000000000000000100000000000000000000000000001010000000000000000000000101000000000000000000000000000000010
10010000000000000000000000000000101000000000000000000000010100000000000000000000000000110000000000000000000000100000000000000000000000000001010000000000000000000000101000000000000000000000000000000010
10010000000000000000000000000000101000000000000000000000010100000000000000000000000000110000000000000000000000100000000000000000000000000001010000000000000000000000101000000000000000000000000000000010
10010000000000000000000000000000101000000000000000000000010100000000000000000000000000110000000000000000000000100000000000000000000000000001010000000000000000000000101000000000000000000000000000000010
10010000000000000000000000000000101000000000000000000000010100000000000000000000000000110000000000000000000000100000000000000000000000000001010000000000000000000000101000000000000000000000000000000010
10010000000000000000000000000000101000000000000000000000010100000000000000000000000000110000000000000000000000100000000000000000000000000001010000000000000000000000101000000000000000000000000000000010
10010000000000000000000000000000101000000000000000000000010100000000000000000000000000110000000000000000000000100000000000000000000000000001010000000000000000000000101000000000000000000000000000000010
10010000000000000000000000000000101000000000000000000000010100000000000000000000000000110000000000000000000000100000000000000000000000000001010000000000000000000000101000000000000000000000000000000010
10010000000000000000000000000000101000000000000000000000010100000000000000000000000000110000000000000000000000100000000000000000000000000001010000000000000000000000101000000000000000000000000000000010
10010000000000000000000000000000101000000000000000000000010100000000000000000000000000110000000000000000000000100000000000000000000000000001010000000000000000000000101000000000000000000000000000000010
10010000000000000000000000000000101000000000000000000000010100000000000000000000000000110000000000000000000000100000000000000000000000000001010000000000000000000000101000000000000000000000000000000010
10010000000000000000000000000000101000000000000000000000010100000000000000000000000000110000000000000000000000100000000000000000000000000001010000000000000000000000101000000000000000000000000000000010
10010000000000000000000000000000101000000000000000000000010100000000000000000000000000110000000000000000000000100000000000000000000000000001010000000000000000000000101000000000000000000000000000000010
10010000000000000000000000000000101000000000000000000000010100000000000000000000000000110000000000000000000000100000000000000000000000000001010000000000000000000000101000000000000000000000000000000010
10010000000000000000000000000000101000000000000000000000010100000000000000000000000000110000000000000000000000100000000000000000000000000001010000000000000000000000101000000000000000000000000000000010
10010000000000000000000000000000101000000000000000000000010100000000000000000000000000110000000000000000000000100000000000000000000000000001010000000000000000000000101000000000000000000000000000000010
10010000000000000000000000000000101000000000000000000000010100000000000000000000000000110000000000000000000000100000000000000000000000000001010000000000000000000000101000000000000000000000000000000010
10010000000000000000000000000000101000000000000000000000010100000000000000000000000000110000000000000000000000100000000000000000000000000001010000000000000000000000101000000000000000000000000000000010
10010000000000000000000000000000101000000000000000000000010100000000000000000000000000110000000000000000000000100000000000000000000000000001010000000000000000000000101000000000000000000000000000000010
10010000000000000000000000000000101000000000000000000000010100000000000000000000000000110000000000000000000000100000000000000000000000000001010000000000000000000000101000000000000000000000000000000010
10010000000000000000000000000000101000000000000000000000010100000000000000000000000000110000000000000000000000100000000000000000000000000001010000000000000000000000101000000000000000000000000000000010
10010000000000000000000000000000101000000000000000000000010100000000000000000000000000110000000000000000000000100000000000000000000000000001010000000000000000000000101000000000000000000000000000000010
10010000000000000000000000000000101000000000000000000000010100000000000000000000000000110000000000000000000000100000000000000000000000000001010000000000000000000000101000000000000000000000000000000010
10010000000000000000000000000000101000000000000000000000010100000000000000000000000000110000000000000000000000100000000000000000000000000001010000000000000000000000101000000000000000000000000000000010
10010000000000000000000000000000101000000000000000000000010100000000000000000000000000110000000000000000000000100000000000000000000000000001010000000000000000000000101000000000000000000000000000000010
10010000000000000000000000000000101000000000000000000000010100000000000000000000000000110000000000000000000000100000000000000000000000000001010000000000000000000000101000000000000000000000000000000010
00010000000000000000000000000000101000000000000000000000010100000000000000000000000000110000000000000000000000100000000000000000000000000001010000000000000000000000101000000000000000000000000000000010
00010000000000000000000000000000101111111111111111111111110100000000000000000000000000110000000000000000000000100000000000000000000000000001010000000000000000000000101000000000000000000000000000000010
00010000000000000000000000000000100000000000000000000000000100000000000000000000000000111111111111111111111111100000000000000000000000000001011111111111111111111111101000000000000000000000000000000010
00010000000000000000000000000000100000000000000000000000000100000000000000000000000000100000000000000000000000000000000000000000000000000001000000000000000000000000001000000000000000000000000000000010
00010000000000000000000000000000111111111111111111111111111100000000000000000000000000111111111111111111111111111000000000000000000000000001111111111111111111111111111000000000000000000000000000000010
00010000000000000000000000000000000000000000000000000000000000000000000000000000000000000000000000000000000000000000000000000000000000000000000000000000000000000000000000000000000000000000000000000010
00010000000000000000000000000000000000000000000000000000000000000000000000000000000000000000000000000000000000000000000000000000000000000000000000000000000000000000000000000000000000000000000000000010
00010000000000000000000000000000000000000000000000000000000000000000000000000000000000000000000000000000000000000000000000000000000000000000000000000000000000000000000000000000000000000000000000000010
00010000000000000000000000000000000000000000000000000000000000000000000000000000000000000000000000000000000000000000000000000000000000000000000000000000000000000000000000000000000000000000000000000010
00010000000000000000000000000000000000000000000000000000000000000000000000000000000000000000000000000000000000000000000000000000000000000000000000000000000000000000000000000000000000000000000000000010
00010000000000000000000000000000000000000000000000000000000000000000000000000000000000000000000000000000000000000000000000000000000000000000000000000000000000000000000000000000000000000000000000000010
00010000000000000000000000000000000000000000000000000000000000000000000000000000000000000000000000000000000000000000000000000000000000000000000000000000000000000000000000000000000000000000000000000010
01010000000000000000000000000000000000000000000000000000000000000000000000000000000000000000000000000000000000000000000000000000000000000000000000000000000000000000000000000000000000000000000000000010
01010000000000000000000000000000000000000000000000000000000000000000000000000000000000000000000000000000000000000000000000000000000000000000000000000000000000000000000000000000000000000000000000000010
01010000000000000000000000000000000000000000000000000000000000000000000000000000000000000000000000000000000000000000000000000000000000000000000000000000000000000000000000000000000000000000000000000010
01010000000000000000000000000000000000000000000000000000000000000000000000000000000000000000000000000000000000000000000000000000000000000000000000000000000000000000000000000000000000000000000000000010
01010000000000000000000000000000000000000000000000000000000000000000000000000000000000000000000000000000000000000000000000000000000000000000000000000000000000000000000000000000000000000000000000000010
01010000000000000000000000000000000000000000000000000000000000000000000000000000000000000000000000000000000000000000000000000000000000000000000000000000000000000000000000000000000000000000000000000010
01010000000000000000000000000000000000000000000000000000000000000000000000000000000000000000000000000000000000000000000000000000000000000000000000000000000000000000000000000000000000000000000000000010
01010000000000000000000000000000000000000000000000000000000000000000000000000000000000000000000000000000000000000000000000000000000000000000000000000000000000000000000000000000000000000000000000000010
01010000000000000000000000000000000000000000000000000000000000000000000000000000000000000000000000000000000000000000000000000000000000000000000000000000000000000000000000000000000000000000000000000010
01010000000000000000000000000000000000000000000000000000000000000000000000000000000000000000000000000000000000000000000000000000000000000000000000000000000000000000000000000000000000000000000000000010
01010000000000000000000000000000000000000000000000000000000000000000000000000000000000000000000000000000000000000000000000000000000000000000000000000000000000000000000000000000000000000000000000000010
01010000000000000000000000000000000000000000000000000000000000000000000000000000000000000000000000000000000000000000000000000000000000000000000000000000000000000000000000000000000000000000000000000010
01010000000000000000000000000000000000000000000000000000000000000000000000000000000000000000000000000000000000000000000000000000000000000000000000000000000000000000000000000000000000000000000000000010
01010000000000000000000000000000000000000000000000000000000000000000000000000000000000000000000000000000000000000000000000000000000000000000000000000000000000000000000000000000000000000000000000000010
01010000000000000000000000000000000000000000000000000000000000000000000000000000000000000000000000000000000000000000000000000000000000000000000000000000000000000000000000000000000000000000000000000010
01010000000000000000000000000000000000000000000000000000000000000000000000000000000000000000000000000000000000000000000000000000000000000000000000000000000000000000000000000000000000000000000000000010
01010000000000000000000000000000000000000000000000000000000000000000000000000000000000000000000000000000000000000000000000000000000000000000000000000000000000000000000000000000000000000000000000000010
01010000000000000000000000000000000000000000000000000000000000000000000000000000000000000000000000000000000000000000000000000000000000000000000000000000000000000000000000000000000000000000000000000010
01010000000000000000000000000000000000000000000000000000000000000000000000000000000000000000000000000000000000000000000000000000000000000000000000000000000000000000000000000000000000000000000000000010
01010000000000000000000000000000000000000000000000000000000000000000000000000000000000000000000000000000000000000000000000000000000000000000000000000000000000000000000000000000000000000000000000000010
01010000000000000000000000000000000011111111000000000000000000000000000000000000000000000000000000000000000000000000000000000000000000000000000000000000000000000000000000000000000000000000000000000010
01011111111111111000000000000000000010000001000000000000000000000000000000000000000000000000000000000001111111111111111111111111110000000000000000000000000000000000000000000000000000000000000000000010
01000000000000001000000000000000000010000001000000000000000000000000000000000000000000000000000000000001000000000000000000000000010000000000000000000000000000000000000000000000000000010000000000000010
01000000000000001000000000000000000010011101000000000000000000000000000000000000000000000000000000000001000000000000000000000000010000000000000000000000000000000000000000000000000000010000000000000010
01111111111111001000000000000000000010000101000000000000000000000000000000000000000000000000000000000001001111111111111111111100010000000000000000000000000000001111111111111111111100010000000000000010
00000000000001001000000000000000000010000101000000000000000000000000000000000000000000000000000000000001001000000000000000000100010000000000000000000000000000001000000000000000000100010000000000000010
00000000000001001000000000000000000010000101000000000000000000000000000000000000000000000000000000000001001000000000000000000100010000000000000000000000000000001000000000000000000100010000000000000010
00000000000001001000000000000000000010000101000000000000000000000000000000000000000000000000000000000001001000000000000000000100010000000000000000000000000000001000000000000000000100010000000000000010
00000000000001001000000000000000000010000101000000000000000000000000000000000000000000000000000000000001001000000000000000000100010000000000000000000000000000001000000000000000000100010000000000000010
00000000000001001000000000000000000010000101000000000000000000000000000000000000000000000000000000000001001000000000000000000100010000000000000000000000000000001000000000000000000100010000000000000010
00000000000001001000000000000000000010000101000000000000000000000000000000000000000000000000000000000001001000000000000000000100010000000000000000000000000000001000000000000000000100010000000000000010
00000000000001001000000000000000000010000101000000000000000000000000000000000000000000000000000000000001001000000000000000000100010000000000000000000000000000001000000000000000000100010000000000000010
00000000000001001000000000000000000010000101000000000000000000000000000000000000000000000000000000000001001000000000000000000100010000000000000000000000000000001000000000000000000100010000000000000010
00000000000001001000000000000000000010000101000000000000000000000000000000000000000000000000000000000001001000000000000000000100010000000000000000000000000000001000000000000000000100010000000000000010
00000000000001001111111111111111111110000101111111111111111111111111111111111111111111111111111111111111001000000000000000000100010000000000000000000000000000001000000000000000000100010000000000000010
00000000000001000000000000000000000000000100000000000000000000000000000000000000000000000000000000000000001000000000000000000100011111111111111111111111111110001000000000000000000100011111111111111110
00000000000001111111111111111111111111100111111111111111111111111111111111111111111111111111111111111111111000000000000000000111111111111111111111111111111111111000000000000000000100000000000000000000
00000000000000000000000000000000000000000000000000000000000000000000000000000000000000000000000000000000000000000000000000000000000000000000000000000000000000000000000000000000000111111111111111111111
